  0.0000000E+00  0.0000000E+00  0.0000000E+00  0.0000000E+00  0.0000000E+00
  0.0000000E+00  0.0000000E+00  0.0000000E+00  0.0000000E+00 -7.3459439E-02
 -0.1129191     -0.1515195     -0.1889666     -0.2249757     -0.2592726    
 -0.2915961     -0.3217005     -0.3493567     -0.3743537     -0.3965019    
 -0.4156325     -0.4315996     -0.4442824     -0.4535839     -0.4594329    
 -0.4617857     -0.4606242     -0.4559567     -0.4478194     -0.4362738    
 -0.4214077     -0.4033345     -0.3821920     -0.3581405     -0.3313632    
 -0.3020644    
  0.0000000E+00  0.0000000E+00  0.0000000E+00  0.0000000E+00  0.0000000E+00
  0.0000000E+00  0.0000000E+00  0.0000000E+00  0.0000000E+00 -0.1515195    
 -0.1889666     -0.2249757     -0.2592726     -0.2915961     -0.3217005    
 -0.3493567     -0.3743537     -0.3965019     -0.4156325     -0.4315996    
 -0.4442824     -0.4535839     -0.4594329     -0.4617857     -0.4606242    
 -0.4559567     -0.4478194     -0.4362738     -0.4214077     -0.4033345    
 -0.3821920     -0.3581405     -0.3313632     -0.3020644     -0.2704665    
 -0.2368102    
  0.0000000E+00  0.0000000E+00  0.0000000E+00  0.0000000E+00  0.0000000E+00
  0.0000000E+00  0.0000000E+00  0.0000000E+00  0.0000000E+00 -0.2249757    
 -0.2592726     -0.2915961     -0.3217005     -0.3493567     -0.3743537    
 -0.3965019     -0.4156325     -0.4315996     -0.4442824     -0.4535839    
 -0.4594329     -0.4617857     -0.4606242     -0.4559567     -0.4478194    
 -0.4362738     -0.4214077     -0.4033345     -0.3821920     -0.3581405    
 -0.3313632     -0.3020644     -0.2704665     -0.2368102     -0.2013516    
 -0.1643606    
  0.0000000E+00  0.0000000E+00  0.0000000E+00  0.0000000E+00  0.0000000E+00
  0.0000000E+00  0.0000000E+00  0.0000000E+00  0.0000000E+00 -0.2915961    
 -0.3217005     -0.3493567     -0.3743537     -0.3965019     -0.4156325    
 -0.4315996     -0.4442824     -0.4535839     -0.4594329     -0.4617857    
 -0.4606242     -0.4559567     -0.4478194     -0.4362738     -0.4214077    
 -0.4033345     -0.3821920     -0.3581405     -0.3313632     -0.3020644    
 -0.2704665     -0.2368102     -0.2013516     -0.1643606     -0.1261188    
 -8.6917102E-02
  0.0000000E+00  0.0000000E+00  0.0000000E+00  0.0000000E+00  0.0000000E+00
  0.0000000E+00  0.0000000E+00  0.0000000E+00  0.0000000E+00 -0.3493567    
 -0.3743537     -0.3965019     -0.4156325     -0.4315996     -0.4442824    
 -0.4535839     -0.4594329     -0.4617857     -0.4606242     -0.4559567    
 -0.4478194     -0.4362738     -0.4214077     -0.4033345     -0.3821920    
 -0.3581405     -0.3313632     -0.3020644     -0.2704665     -0.2368102    
 -0.2013516     -0.1643606     -0.1261188     -8.6917102E-02 -4.7053941E-02
 -6.8326336E-03
  0.0000000E+00  0.0000000E+00  0.0000000E+00  0.0000000E+00  0.0000000E+00
  0.0000000E+00  0.0000000E+00  0.0000000E+00  0.0000000E+00 -0.3965019    
 -0.4156325     -0.4315996     -0.4442824     -0.4535839     -0.4594329    
 -0.4617857     -0.4606242     -0.4559567     -0.4478194     -0.4362738    
 -0.4214077     -0.4033345     -0.3821920     -0.3581405     -0.3313632    
 -0.3020644     -0.2704665     -0.2368102     -0.2013516     -0.1643606    
 -0.1261188     -8.6917102E-02 -4.7053941E-02 -6.8326336E-03  3.3440657E-02
  7.3459439E-02
  0.0000000E+00  0.0000000E+00  0.0000000E+00  0.0000000E+00  0.0000000E+00
  0.0000000E+00  0.0000000E+00  0.0000000E+00  0.0000000E+00 -0.4315996    
 -0.4442824     -0.4535839     -0.4594329     -0.4617857     -0.4606242    
 -0.4559567     -0.4478194     -0.4362738     -0.4214077     -0.4033345    
 -0.3821920     -0.3581405     -0.3313632     -0.3020644     -0.2704665    
 -0.2368102     -0.2013516     -0.1643606     -0.1261188     -8.6917102E-02
 -4.7053941E-02 -6.8326336E-03  3.3440657E-02  7.3459439E-02  0.1129191    
  0.1515195    
  0.0000000E+00  0.0000000E+00  0.0000000E+00  0.0000000E+00  0.0000000E+00
  0.0000000E+00  0.0000000E+00  0.0000000E+00  0.0000000E+00 -0.4535839    
 -0.4594329     -0.4617857     -0.4606242     -0.4559567     -0.4478194    
 -0.4362738     -0.4214077     -0.4033345     -0.3821920     -0.3581405    
 -0.3313632     -0.3020644     -0.2704665     -0.2368102     -0.2013516    
 -0.1643606     -0.1261188     -8.6917102E-02 -4.7053941E-02 -6.8326336E-03
  3.3440657E-02  7.3459439E-02  0.1129191      0.1515195      0.1889666    
  0.2249757    
  0.0000000E+00  0.0000000E+00  0.0000000E+00  0.0000000E+00  0.0000000E+00
  0.0000000E+00  0.0000000E+00  0.0000000E+00 -0.4594329     -0.4617857    
 -0.4606242     -0.4559567     -0.4478194     -0.4362738     -0.4214077    
 -0.4033345     -0.3821920     -0.3581405     -0.3313632     -0.3020644    
 -0.2704665     -0.2368102     -0.2013516     -0.1643606     -0.1261188    
 -8.6917102E-02 -4.7053941E-02 -6.8326336E-03  3.3440657E-02  7.3459439E-02
  0.1129191      0.1515195      0.1889666      0.2249757      0.2592726    
  0.2915961    
  0.0000000E+00  0.0000000E+00  0.0000000E+00  0.0000000E+00  0.0000000E+00
  0.0000000E+00  0.0000000E+00  0.0000000E+00 -0.4606242     -0.4559567    
 -0.4478194     -0.4362738     -0.4214077     -0.4033345     -0.3821920    
 -0.3581405     -0.3313632     -0.3020644     -0.2704665     -0.2368102    
 -0.2013516     -0.1643606     -0.1261188     -8.6917102E-02 -4.7053941E-02
 -6.8326336E-03  3.3440657E-02  7.3459439E-02  0.1129191      0.1515195    
  0.1889666      0.2249757      0.2592726      0.2915961      0.3217005    
  0.3493567    
  0.0000000E+00  0.0000000E+00  0.0000000E+00  0.0000000E+00  0.0000000E+00
  0.0000000E+00  0.0000000E+00  0.0000000E+00 -0.4478194     -0.4362738    
 -0.4214077     -0.4033345     -0.3821920     -0.3581405     -0.3313632    
 -0.3020644     -0.2704665     -0.2368102     -0.2013516     -0.1643606    
 -0.1261188     -8.6917102E-02 -4.7053941E-02 -6.8326336E-03  3.3440657E-02
  7.3459439E-02  0.1129191      0.1515195      0.1889666      0.2249757    
  0.2592726      0.2915961      0.3217005      0.3493567      0.3743537    
  0.3965019    
  0.0000000E+00  0.0000000E+00  0.0000000E+00  0.0000000E+00  0.0000000E+00
  0.0000000E+00  0.0000000E+00  0.0000000E+00 -0.4214077     -0.4033345    
 -0.3821920     -0.3581405     -0.3313632     -0.3020644     -0.2704665    
 -0.2368102     -0.2013516     -0.1643606     -0.1261188     -8.6917102E-02
 -4.7053941E-02 -6.8326336E-03  3.3440657E-02  7.3459439E-02  0.1129191    
  0.1515195      0.1889666      0.2249757      0.2592726      0.2915961    
  0.3217005      0.3493567      0.3743537      0.3965019      0.4156325    
  0.4315996    
  0.0000000E+00  0.0000000E+00  0.0000000E+00  0.0000000E+00  0.0000000E+00
  0.0000000E+00  0.0000000E+00  0.0000000E+00 -0.3821920     -0.3581405    
 -0.3313632     -0.3020644     -0.2704665     -0.2368102     -0.2013516    
 -0.1643606     -0.1261188     -8.6917102E-02 -4.7053941E-02 -6.8326336E-03
  3.3440657E-02  7.3459439E-02  0.1129191      0.1515195      0.1889666    
  0.2249757      0.2592726      0.2915961      0.3217005      0.3493567    
  0.3743537      0.3965019      0.4156325      0.4315996      0.4442824    
  0.4535839    
  0.0000000E+00  0.0000000E+00  0.0000000E+00  0.0000000E+00  0.0000000E+00
  0.0000000E+00  0.0000000E+00  0.0000000E+00 -0.3313632     -0.3020644    
 -0.2704665     -0.2368102     -0.2013516     -0.1643606     -0.1261188    
 -8.6917102E-02 -4.7053941E-02 -6.8326336E-03  3.3440657E-02  7.3459439E-02
  0.1129191      0.1515195      0.1889666      0.2249757      0.2592726    
  0.2915961      0.3217005      0.3493567      0.3743537      0.3965019    
  0.4156325      0.4315996      0.4442824      0.4535839      0.4594329    
  0.4617857    
  0.0000000E+00  0.0000000E+00  0.0000000E+00  0.0000000E+00  0.0000000E+00
  0.0000000E+00  0.0000000E+00  0.0000000E+00 -0.2704665     -0.2368102    
 -0.2013516     -0.1643606     -0.1261188     -8.6917102E-02 -4.7053941E-02
 -6.8326336E-03  3.3440657E-02  7.3459439E-02  0.1129191      0.1515195    
  0.1889666      0.2249757      0.2592726      0.2915961      0.3217005    
  0.3493567      0.3743537      0.3965019      0.4156325      0.4315996    
  0.4442824      0.4535839      0.4594329      0.4617857      0.4606242    
  0.4559567    
  0.0000000E+00  0.0000000E+00  0.0000000E+00  0.0000000E+00  0.0000000E+00
  0.0000000E+00  0.0000000E+00  0.0000000E+00 -0.2013516     -0.1643606    
 -0.1261188     -8.6917102E-02 -4.7053941E-02 -6.8326336E-03  3.3440657E-02
  7.3459439E-02  0.1129191      0.1515195      0.1889666      0.2249757    
  0.2592726      0.2915961      0.3217005      0.3493567      0.3743537    
  0.3965019      0.4156325      0.4315996      0.4442824      0.4535839    
  0.4594329      0.4617857      0.4606242      0.4559567      0.4478194    
  0.4362738    
  0.0000000E+00  0.0000000E+00  0.0000000E+00  0.0000000E+00  0.0000000E+00
  0.0000000E+00  0.0000000E+00  0.0000000E+00 -0.1261188     -8.6917102E-02
 -4.7053941E-02 -6.8326336E-03  3.3440657E-02  7.3459439E-02  0.1129191    
  0.1515195      0.1889666      0.2249757      0.2592726      0.2915961    
  0.3217005      0.3493567      0.3743537      0.3965019      0.4156325    
  0.4315996      0.4442824      0.4535839      0.4594329      0.4617857    
  0.4606242      0.4559567      0.4478194      0.4362738      0.4214077    
  0.4033345    
  0.0000000E+00  0.0000000E+00  0.0000000E+00  0.0000000E+00  0.0000000E+00
  0.0000000E+00  0.0000000E+00  0.0000000E+00 -4.7053941E-02 -6.8326336E-03
  3.3440657E-02  7.3459439E-02  0.1129191      0.1515195      0.1889666    
  0.2249757      0.2592726      0.2915961      0.3217005      0.3493567    
  0.3743537      0.3965019      0.4156325      0.4315996      0.4442824    
  0.4535839      0.4594329      0.4617857      0.4606242      0.4559567    
  0.4478194      0.4362738      0.4214077      0.4033345      0.3821920    
  0.3581405    
